-------------- 1. Simulacija na osnovu ulaznih datoteka sa Moodle stranice: --------------

---------- INPUT INFO ----------

STREET WEIGHTS:

  0 67 43  9 72 53 18 47 45 73 89 18 32 76 23 74 98 81 47 77
 67  0 79 64 74 17  5 65 28 42 60 75 45 81 28 72 79 77 33 62
 43 79  0 18 87 42 94 97 81  8 77 52 88  6 64 84 18 77 17 41
  9 64 18  0 19 59 95 64 40 87 33 42 85 42 24 98 17 76 96 82
 72 74 87 19  0 37 92 98 50 42 51 60 91 44 91 77 98 99 25 66
 53 17 42 59 37  0 73 94 45 83 65 39  6 77 75 50 61 37 15 61
 18  5 94 95 92 73  0 55 50 94  7 88 88 85 70 54 47 81 10 89
 47 65 97 64 98 94 55  0 57 79 96  4  6 59 66  7 33 41 58 61
 45 28 81 40 50 45 50 57  0 96 55 38 88 89 10  4 19 62 59  2
 73 42  8 87 42 83 94 79 96  0 33 33 10 38 83 99 13 28 33 28
 89 60 77 33 51 65  7 96 55 33  0 89 89 44 60 23 12 88 11 51
 18 75 52 42 60 39 88  4 38 33 89  0 10 89 79 38 37 46 81 83
 32 45 88 85 91  6 88  6 88 10 89 10  0 18 13  9 98 69 70 93
 76 81  6 42 44 77 85 59 89 38 44 89 18  0 73 19 55 21 57 13
 23 28 64 24 91 75 70 66 10 83 60 79 13 73  0 73 32 79 29 26
 74 72 84 98 77 50 54  7  4 99 23 38  9 19 73  0  4 51 12 45
 98 79 18 17 98 61 47 33 19 13 12 37 98 55 32  4  0 81 30 52
 81 77 77 76 99 37 81 41 62 28 88 46 69 21 79 51 81  0 92 17
 47 33 17 96 25 15 10 58 59 28 11 81 70 57 29 12 30 92  0 95
 77 62 41 82 66 61 89 61  2 28 51 83 93 13 26 45 17 17 95  0

AVAILABLE TAXIES:

ID: vozilo10
Current address: 12
Available: 1

ID: vozilo9
Current address: 6
Available: 1

ID: vozilo8
Current address: 15
Available: 1

ID: vozilo7
Current address: 5
Available: 1

ID: vozilo6
Current address: 7
Available: 1

ID: vozilo5
Current address: 10
Available: 1

ID: vozilo4
Current address: 4
Available: 1

ID: vozilo3
Current address: 9
Available: 1

ID: vozilo2
Current address: 3
Available: 1

ID: vozilo1
Current address: 17
Available: 1

---------- END OF INPUT INFO ----------

Processing user request: 9 -> 17
Taxi: vozilo1 will be there in 8 minutes.
Path: 17 -> 16 -> 9 |-> 9 -> 16 -> 17
Trip is done.

Processing user request: 7 -> 13
Taxi: vozilo1 will be there in 19 minutes.
Path: 17 -> 11 -> 7 |-> 7 -> 2 -> 6 -> 13
Trip is done.

Processing user request: 13 -> 19
Taxi: vozilo9 will be there in 6 minutes.
Path: 6 -> 13 |-> 13 -> 6 -> 19
Trip is done.

Processing user request: 9 -> 4
Taxi: vozilo8 will be there in 10 minutes.
Path: 15 -> 9 |-> 9 -> 16 -> 17 -> 4
Trip is done.

Processing user request: 2 -> 5
Taxi: vozilo6 will be there in 5 minutes.
Path: 7 -> 2 |-> 2 -> 7 -> 19 -> 5
Trip is done.

Processing user request: 13 -> 17
Taxi: vozilo10 will be there in 10 minutes.
Path: 12 -> 13 |-> 13 -> 16 -> 17
Trip is done.

Processing user request: 18 -> 5
Taxi: vozilo3 will be there in 19 minutes.
Path: 9 -> 20 -> 18 |-> 18 -> 20 -> 9 -> 16 -> 19 -> 5
Trip is done.

Processing user request: 4 -> 16
Taxi: vozilo10 will be there in 17 minutes.
Path: 17 -> 4 |-> 4 -> 17 -> 16
Trip is done.

Processing user request: 5 -> 6
Taxi: vozilo8 will be there in 19 minutes.
Path: 4 -> 5 |-> 5 -> 6
Trip is done.

Processing user request: 3 -> 12
Taxi: vozilo5 will be there in 8 minutes.
Path: 10 -> 3 |-> 3 -> 10 -> 13 -> 12
Trip is done.

Processing user request: 19 -> 10
Taxi: vozilo10 will be there in 12 minutes.
Path: 16 -> 19 |-> 19 -> 3 -> 10
Trip is done.

Processing user request: 18 -> 15
Taxi: vozilo2 will be there in 27 minutes.
Path: 3 -> 14 -> 18 |-> 18 -> 20 -> 9 -> 15
Trip is done.

Processing user request: 2 -> 15
Taxi: vozilo9 will be there in 15 minutes.
Path: 19 -> 7 -> 2 |-> 2 -> 15
Trip is done.

Processing user request: 6 -> 10
Taxi: vozilo1 will be there in 6 minutes.
Path: 13 -> 6 |-> 6 -> 13 -> 10
Trip is done.

Processing user request: 19 -> 8
Taxi: vozilo8 will be there in 15 minutes.
Path: 6 -> 19 |-> 19 -> 16 -> 8
Trip is done.

Processing user request: 11 -> 8
Taxi: vozilo10 will be there in 25 minutes.
Path: 10 -> 17 -> 11 |-> 11 -> 17 -> 16 -> 8
Trip is done.

Processing user request: 18 -> 13
Taxi: vozilo1 will be there in 28 minutes.
Path: 10 -> 18 |-> 18 -> 20 -> 9 -> 16 -> 13
Trip is done.

Processing user request: 1 -> 7
Taxi: vozilo4 will be there in 9 minutes.
Path: 4 -> 1 |-> 1 -> 7
Trip is done.

Processing user request: 17 -> 3
Taxi: vozilo10 will be there in 11 minutes.
Path: 8 -> 16 -> 17 |-> 17 -> 3
Trip is done.

Processing user request: 7 -> 12
Taxi: vozilo1 will be there in 28 minutes.
Path: 13 -> 6 -> 2 -> 7 |-> 7 -> 19 -> 16 -> 8 -> 12
Trip is done.
---------- END OF SIMULATION ----------

Total waiting time for all users: 297
Total waiting time and driving time per user:
User 1: waiting time + driving time: 8 + 8 = 16
User 2: waiting time + driving time: 19 + 28 = 47
User 3: waiting time + driving time: 6 + 21 = 27
User 4: waiting time + driving time: 10 + 25 = 35
User 5: waiting time + driving time: 5 + 40 = 45
User 6: waiting time + driving time: 10 + 13 = 23
User 7: waiting time + driving time: 19 + 60 = 79
User 8: waiting time + driving time: 17 + 21 = 38
User 9: waiting time + driving time: 19 + 37 = 56
User 10: waiting time + driving time: 8 + 28 = 36
User 11: waiting time + driving time: 12 + 25 = 37
User 12: waiting time + driving time: 27 + 29 = 56
User 13: waiting time + driving time: 15 + 28 = 43
User 14: waiting time + driving time: 6 + 16 = 22
User 15: waiting time + driving time: 15 + 19 = 34
User 16: waiting time + driving time: 25 + 23 = 48
User 17: waiting time + driving time: 28 + 32 = 60
User 18: waiting time + driving time: 9 + 18 = 27
User 19: waiting time + driving time: 11 + 18 = 29
User 20: waiting time + driving time: 28 + 33 = 61

Taxi data:
ID: vozilo10
Number of rides: 5
ID: vozilo9
Number of rides: 2
ID: vozilo8
Number of rides: 3
ID: vozilo7
Number of rides: 0
ID: vozilo6
Number of rides: 1
ID: vozilo5
Number of rides: 1
ID: vozilo4
Number of rides: 1
ID: vozilo3
Number of rides: 1
ID: vozilo2
Number of rides: 1
ID: vozilo1
Number of rides: 4
Total traveled time: 803.


-------------- 2. Simulacija na osnovu sopstvenih ulaznih datoteka: --------------

---------- INPUT INFO ----------

STREET WEIGHTS:

  0  4  1  2  3  5 45  8 44
  4  0  8 67 23 31  6 78  8
  1  8  0  7 64  4  4 87  9
  2 67  7  0  9  3  3 12  6
  3 23 64  9  0 10 13 21 64
  5 31  4  3 10  0 56 14 21
 45  6  4  3 13 56  0 35 22
  8 78 87 12 21 14 35  0 14
 44  8  9  6 64 21 22 14  0

AVAILABLE TAXIES:

ID: vozilo7
Current address: 6
Available: 1

ID: vozilo6
Current address: 3
Available: 1

ID: vozilo5
Current address: 7
Available: 1

ID: vozilo4
Current address: 2
Available: 1

ID: vozilo3
Current address: 5
Available: 1

ID: vozilo2
Current address: 4
Available: 1

ID: vozilo1
Current address: 1
Available: 1

---------- END OF INPUT INFO ----------

Processing user request: 1 -> 2
Taxi: vozilo6 will be there in 1 minutes.
Path: 3 -> 1 |-> 1 -> 2
Trip is done.

Processing user request: 3 -> 5
Taxi: vozilo1 will be there in 1 minutes.
Path: 1 -> 3 |-> 3 -> 1 -> 5
Trip is done.

Processing user request: 2 -> 4
Taxi: vozilo5 will be there in 6 minutes.
Path: 7 -> 2 |-> 2 -> 1 -> 4
Trip is done.

Processing user request: 6 -> 3
Taxi: vozilo5 will be there in 3 minutes.
Path: 4 -> 6 |-> 6 -> 3
Trip is done.

Processing user request: 4 -> 1
Taxi: vozilo7 will be there in 3 minutes.
Path: 6 -> 4 |-> 4 -> 1
Trip is done.

Processing user request: 1 -> 7
Taxi: vozilo5 will be there in 1 minutes.
Path: 3 -> 1 |-> 1 -> 3 -> 7
Trip is done.

Processing user request: 5 -> 6
Taxi: vozilo7 will be there in 3 minutes.
Path: 1 -> 5 |-> 5 -> 1 -> 6
Trip is done.

Processing user request: 2 -> 8
Taxi: vozilo5 will be there in 6 minutes.
Path: 7 -> 2 |-> 2 -> 1 -> 8
Trip is done.
---------- END OF SIMULATION ----------

Total waiting time for all users: 24
Total waiting time and driving time per user:
User 1: waiting time + driving time: 1 + 4 = 5
User 2: waiting time + driving time: 1 + 4 = 5
User 3: waiting time + driving time: 6 + 6 = 12
User 4: waiting time + driving time: 3 + 4 = 7
User 5: waiting time + driving time: 3 + 2 = 5
User 6: waiting time + driving time: 1 + 5 = 6
User 7: waiting time + driving time: 3 + 8 = 11
User 8: waiting time + driving time: 6 + 12 = 18

Taxi data:
ID: vozilo7
Number of rides: 2
ID: vozilo6
Number of rides: 1
ID: vozilo5
Number of rides: 4
ID: vozilo4
Number of rides: 0
ID: vozilo3
Number of rides: 0
ID: vozilo2
Number of rides: 0
ID: vozilo1
Number of rides: 1
Total traveled time: 69.