0,4,1,2,3,5,45,8,44
4,0,8,67,23,31,6,78,8
1,8,0,7,64,4,4,87,9
2,67,7,0,9,3,3,12,6
3,23,64,9,0,10,13,21,64
5,31,4,3,10,0,56,14,21
45,6,4,3,13,56,0,35,22
8,78,87,12,21,14,35,0,14
44,8,9,6,64,21,22,14,0
